2420
2780
3001
3003
3005
3010
3021
3023
3623
54200
Orange
Medium Azure
Dark Azure
Aqua
Yellow
Bright Light Yellow
Bright Pink
White
Yellowish Green
Tan
Red
Dark Bluish Grey
Black
Light Bluish Grey
6106027
6293739
-
-
242074
-
-
242051
-
4114077
242071
4210635
242026
4211353
-
-
-
-
-
-
-
-
-
-
-
-
4121715
-
4153827
4625629
4655172
6426721
300124
6373312
4520632
300101
-
4114319
300121
4211085
300126
4211385
4153825
4653970
6089775
6426720
4103588
6212064
4550359
4103592
6088538
4114306
4103590
4211060
4103587
4211387
4173805
4619652
6225538
6236576
300524
6022084
4286050
300551
6172766
4113915
300521
4211098
300526
4211389
4118827
6036238
6213272
6218162
301024
6036232
4518890
301001
6382110
4113916
301021
4211103
301026
4211394
4125278
6013828
6144149
6426724
302124
6293288
6102999
302101
6088528
4118790
302121
4211043
302126
4211396
4177932
6097419
4653988
6146701
302324
6201647
4654128
302301
6424046
4113917
302321
4211063
302326
4211398
6147047
6119107
6153538
6325961
362324
6296492
6036788
362301
6088522
4121921
362321
4211133
362326
4211429
4504371
4619520
6133838
6429264
4504381
6296498
4599538
4504369
6109495
4516055
5074621
4504378
4504382
4521921
